0.00000000 
0.07788250 
0.15576500 
0.23364750 
0.31153000 
0.38941000 
0.46729250 
0.54517500 
0.62305750 
0.70094000 
0.77882250 
0.85670500 
0.93458500 
1.01246750 
1.09035000 
1.16823250 
1.24611500 
1.32399750 
1.40187750 
1.47976000 
1.55764250 
1.63552500 
1.71340750 
1.79129000 
1.86917000 
1.94705250 
2.02493500 
2.10281750 
2.18070000 
2.25858250 
2.33646250 
2.41434500 
2.49222750 
2.57011000 
2.64799250 
2.72587500 
2.80375625 
2.88163825 
2.95952050 
3.03740250 
3.11528475 
3.19316675 
3.27104875 
3.34893100 
3.42681300 
3.50469525 
3.58257725 
3.66045925 
3.73834150 
3.81622350 
3.89410575 
3.97198775 
4.04986975 
4.12775200 
4.20563400 
4.28351625 
4.36139825 
4.43928025 
4.51716250 
4.59504450 
4.67292675 
4.75080875 
4.82869075 
4.90657300 
4.98445500 
5.06233715 
5.14021925 
5.21810135 
5.29598345 
5.37386555 
5.45174765 
5.52962975 
5.60751175 
5.68539400 
5.76327600 
5.84115825 
5.91904025 
5.99692225 
6.07480450 
6.15268650 
6.23056875 
6.30845075 
6.38633275 
6.46421500 
6.54209700 
6.61997925 
6.69786125 
6.77574325 
6.85362550 
6.93150750 
7.00938975 
7.08727175 
7.16515375 
7.24303600 
7.32091800 
7.39880025 
7.47668225 
7.55456425 
7.63244650 
7.71032850 
7.78821075 
7.86609250 
7.94397500 
8.02185750 
8.09974000 
8.17762000 
8.25550250 
8.33338500 
8.41126750 
8.48915000 
8.56703250 
8.64491500 
8.72279500 
8.80067750 
8.87856000 
8.95644250 
9.03432500 
9.11220750 
9.19008750 
9.26797000 
9.34585250 
9.42373500 
9.50161750 
9.57950000 
9.65738000 
9.73526250 
9.81314500 
9.89102750 
9.96891000 
10.04679250 
10.12467250 
10.20255500 
10.28043750 
10.35832000 
10.43620250 
