0.20000000 
0.27788000 
0.35576250 
0.43364500 
0.51152750 
0.58941000 
0.66729250 
0.74517250 
0.82305500 
0.90093750 
0.97882000 
1.05670250 
1.13458500 
1.21246500 
1.29034750 
1.36823000 
1.44611250 
1.52399500 
1.60187675 
1.67975875 
1.75764100 
1.83552300 
1.91340525 
1.99128725 
2.06916925 
2.14705150 
2.22493350 
2.30281575 
2.38069775 
2.45857975 
2.53646200 
2.61434400 
2.69222625 
2.77010825 
2.84799025 
2.92587250 
3.00375450 
3.08163675 
3.15951875 
3.23740075 
3.31528300 
3.39316500 
3.47104725 
3.54892925 
3.62681125 
3.70469350 
3.78257550 
3.86045765 
3.93833975 
4.01622185 
4.09410395 
4.17198605 
4.24986815 
4.32775025 
4.40563225 
4.48351450 
4.56139650 
4.63927875 
4.71716075 
4.79504275 
4.87292500 
4.95080700 
5.02868925 
5.10657125 
5.18445325 
5.26233550 
5.34021750 
5.41809975 
5.49598175 
5.57386375 
5.65174600 
5.72962800 
5.80751025 
5.88539225 
5.96327425 
6.04115650 
6.11903850 
6.19692075 
6.27480275 
6.35268475 
6.43056700 
6.50844900 
6.58633125 
6.66421250 
6.74209500 
6.81997750 
6.89786000 
6.97574250 
7.05362500 
7.13150500 
7.20938750 
7.28727000 
7.36515250 
7.44303500 
7.52091750 
7.59879750 
7.67668000 
7.75456250 
